100 500
aaoooaaoooaoooaaaooaaaoooaaaooaaoaooooaaoaaoaaoaoaoaoaoaaaoaoaaaoaooaaoaooaaaaoaaaaovaooaaaaoaoaaoao
aoaoaoaoao
31 53
95 57
73 34
58 79
85 29
93 75
43 59
75 61
14 26
61 76
55 96
58 38
27 93
31 73
84 52
44 50
76 24
55 92
50 51
47 40
71 15
41 66
71 86
28 68
24 82
5 69
4 45
74 43
8 16
67 70
30 32
48 19
100 39
90 49
58 36
84 80
41 28
18 46
21 13
85 11
100 56
23 54
8 42
25 62
44 2
5 1
46 67
95 31
9 90
39 44
58 8
40 3
24 22
94 41
28 100
43 88
84 17
54 47
31 18
74 7
67 81
90 30
14 6
71 64
2 65
44 91
87 89
7 10
40 87
48 74
16 71
95 97
77 4
37 20
70 5
33 72
27 84
92 85
29 77
90 23
52 98
83 9
41 21
28 37
71 94
60 35
1 12
40 25
62 95
26 55
51 27
4 58
14 63
14 78
59 60
35 83
1 14
91 33
41 99
19 83
29 28
14 86
14 78
18 31
50 50
92 14
1 85
41 1
92 92
9 9
8 94
94 21
98 92
24 8
43 90
95 48
5 83
68 92
10 62
14 55
32 95
25 47
41 92
99 92
5 1
58 44
14 45
64 85
71 91
17 84
18 95
17 26
52 55
90 74
83 18
53 70
78 1
88 83
6 6
97 5
54 95
71 80
46 19
67 47
47 70
2 58
28 52
85 58
40 35
85 1
35 40
82 71
76 58
52 16
85 26
74 31
51 26
92 85
96 14
1 64
29 45
26 55
75 8
94 26
1 63
50 44
14 96
55 99
14 66
71 98
40 87
71 28
20 4
20 16
59 43
18 10
5 81
71 99
24 24
1 46
89 62
93 44
1 78
46 7
97 95
61 85
78 1
67 67
19 25
97 46
17 71
100 1
53 18
31 7
8 28
37 16
55 71
100 16
37 8
85 8
35 7
81 67
83 47
23 5
29 94
28 100
16 29
64 14
1 92
78 78
89 25
14 14
95 62
26 26
1 1
64 26
8 68
16 85
22 77
35 90
23 18
48 54
1 26
52 27
25 32
71 75
59 70
1 1
17 28
58 13
9 47
28 77
54 35
29 50
1 12
5 46
100 93
43 5
74 43
26 26
90 43
100 41
4 98
55 71
94 55
26 26
69 69
56 92
25 19
16 92
44 2
87 87
14 92
16 4
95 7
57 95
74 70
58 71
8 55
85 11
40 95
55 94
58 77
26 77
64 4
58 24
25 70
4 72
23 47
12 12
18 90
95 30
18 1
89 62
78 14
35 23
75 1
55 1
25 1
66 58
64 92
71 65
97 97
31 67
44 82
95 31
43 7
16 85
26 20
8 16
46 31
26 14
7 90
1 1
87 87
76 61
29 92
12 12
64 14
80 85
85 42
79 58
85 22
67 70
4 22
23 31
41 94
85 26
65 39
5 3
16 21
41 37
64 64
8 100
25 1
24 29
14 66
3 70
9 74
23 62
70 5
43 18
88 62
29 38
44 14
39 39
72 1
75 58
86 29
45 4
95 23
61 75
88 43
77 93
49 49
96 26
1 5
67 18
90 19
55 71
36 36
18 74
57 1
57 5
61 58
14 100
67 9
100 1
10 62
79 26
58 66
71 24
1 87
50 61
5 70
8 58
62 25
29 13
70 83
19 40
55 17
29 64
76 55
49 49
58 94
67 57
95 18
69 5
14 14
45 77
80 28
1 74
61 24
82 26
28 29
19 70
94 55
29 17
52 84
52 77
28 20
1 78
83 1
47 19
1 12
69 5
51 26
18 18
40 25
92 26
95 95
10 10
90 5
1 85
4 2
1 1
5 97
29 41
42 4
14 63
4 26
14 29
1 63
44 24
62 46
85 85
85 68
1 83
1 1
14 76
95 59
12 12
23 23
4 55
37 20
47 19
38 29
49 47
1 78
25 89
92 77
14 14
70 81
96 1
25 70
1 29
1 1
95 7
26 93
14 11
1 84
58 79
12 12
1 78
97 70
4 16
97 97
95 90
84 55
92 28
81 81
5 46
14 71
16 100
5 40
67 81
68 28
67 67
41 26
20 41
46 95
71 14
62 54
32 46
43 5
71 76
60 7
39 72
99 94
45 26
20 58
8 41
18 5
88 43
77 28
1 40
12 12
60 10
41 91
29 94
55 61
46 87
51 77
49 40
51 100
69 69
43 59
68 28
42 42
26 42
70 89
8 91
65 8
75 27
62 23
55 55
53 31
3 1
49 70
77 71
1 5
23 62
54 47
60 62
1 28
69 69
100 51
32 70
1 20
7 83
26 21
25 1
38 85
91 91
69 69
35 40
44 94
17 1
22 58
31 62
26 36
77 17
4 4
14 85
92 92
68 1
73 73
41 22
21 41
68 8
87 1
1 67
90 30
29 22
77 75
57 67
23 59
94 4
70 46
8 41
52 26
1 56
1 36
5 30
40 40
70 5
18 97
51 22
55 4
100 94
40 40
81 67
14 78
85 80
70 95
9 5
31 5
2 77
1 6
67 95
1 77
58 64
94 14
16 29
65 65
7 62
47 67
40 59
55 55
83 23
46 1
1 76
29 22
23 18
67 70
43 74
92 15
26 58
35 23
14 92
91 100
85 100
42 4
14 24
38 92
12 1
55 14
19 95
47 62
44 93
67 49
70 31
95 70
82 27
85 55
5 30
37 92
5 40
85 85
60 19
98 41
79 85
73 67
39 44
1 68
77 20
1 71
31 70
73 1
