100 1
aaoooaaoooaoooaaaooaaaoooaaaooaaoaooooaaoaaoaaoaoaoaoaoaaaoaoaaaoaooaaoaooaaaaoaaaaovaooaaaaoaoaaoao
aoaoaoaoao
31 53
95 57
73 34
58 79
85 29
93 75
43 59
75 61
14 26
61 76
55 96
58 38
27 93
31 73
84 52
44 50
76 24
55 92
50 51
47 40
71 15
41 66
71 86
28 68
24 82
5 69
4 45
74 43
8 16
67 70
30 32
48 19
100 39
90 49
58 36
84 80
41 28
18 46
21 13
85 11
100 56
23 54
8 42
25 62
44 2
5 1
46 67
95 31
9 90
39 44
58 8
40 3
24 22
94 41
28 100
43 88
84 17
54 47
31 18
74 7
67 81
90 30
14 6
71 64
2 65
44 91
87 89
7 10
40 87
48 74
16 71
95 97
77 4
37 20
70 5
33 72
27 84
92 85
29 77
90 23
52 98
83 9
41 21
28 37
71 94
60 35
1 12
40 25
62 95
26 55
51 27
4 58
14 63
14 78
59 60
35 83
1 14
91 33
41 99
19 83
24 8

